0.0
0.449138
0.899272
1.3504019999999999
1.802528
2.2556499999999997
2.7097679999999995
3.1648819999999995
3.6209919999999993
4.078097999999999
4.536199999999999
4.995297999999999
5.455391999999999
5.9164819999999985
6.378567999999999
6.841649999999999
7.3057279999999984
7.770801999999998
8.236871999999998
8.703937999999997
9.171999999999997
9.641057999999997
10.111111999999997
10.582161999999997
11.054207999999997
11.527249999999997
12.001287999999997
12.476321999999996
12.952351999999996
13.429377999999996
13.907399999999996
14.386417999999995
14.866431999999996
15.347441999999996
15.829447999999996
16.312449999999995
16.796447999999994
17.281441999999995
17.767431999999996
18.254417999999994
18.742115749999993
19.230240999999992
19.718793749999993
20.207773999999993
20.697181749999995
21.187016999999994
21.677279749999993
22.167969999999993
22.659087749999994
23.150632999999996
23.642605749999994
24.135005999999994
24.627833749999994
25.121088999999994
25.614771749999996
26.108881999999994
26.603419749999993
27.098384999999993
27.593777749999994
28.089597999999995
28.585845749999997
29.082520999999996
29.579623749999996
30.077153999999997
30.575111749999998
31.073497
31.57230975
32.07155
32.57121775
33.071313
33.571835750000005
34.07278600000001
34.57416375000001
35.075969000000015
35.57820175000001
36.08086200000001
36.58394975000001
37.08746500000001
37.59140775000001
38.09577800000001
38.60054412500001
39.10567450000001
39.61116912500002
40.11702800000002
40.62325112500002
41.12983850000002
41.63679012500002
42.14410600000002
42.65178612500002
43.15983050000002
43.66823912500002
44.17701200000002
44.68614912500002
45.19565050000002
45.705516125000024
46.215746000000024
46.72634012500002
47.23729850000002
47.74862112500002
48.26030800000002
48.77235912500002
49.284774500000026
49.797554125000026
50.31069800000002
50.824206125000025
51.33807850000002
51.852315125000025
52.366916000000025
52.88188112500002
53.39721050000002
53.91290412500002
54.42896200000002
54.94538412500002
55.46217050000002
55.97932112500002
56.496836000000016
57.014715125000016
57.532958500000014
58.051566125000015
58.57053800000001
59.089928125000014
59.60979050000002
60.13012512500001
60.65093200000001
61.17221112500001
61.69396250000001
62.21618612500001
62.738882000000004
63.262050125
63.7856905
64.309803125
64.834388
65.35944512500001
65.88497450000001
66.410976125
66.93745
67.464396125
67.99181449999999
68.51970512499999
69.04806799999999
69.57690312499999
70.10621049999999
70.63599012499999
71.166242
71.69696612499999
72.22816249999998
72.75983112499998
73.29197199999997
73.82458512499997
74.35767049999997
74.89122812499997
75.42525799999997
75.95976012499997
76.49473449999996
77.03018112499996
77.56609999999995
78.10249112499994
78.63935449999994
79.17669012499994
79.71449799999994
80.25266062499993
80.79106049999993
81.32969762499992
81.86857199999992
82.40768362499992
82.94703249999992
83.48661862499992
84.02644199999992
84.56650262499991
85.1068004999999
85.6473356249999
86.1881079999999
86.7291176249999
87.2703644999999
87.8118486249999
88.35356999999989
88.89552862499988
89.43772449999987
89.98015762499988
90.52282799999988
91.06573562499987
91.60888049999987
92.15226262499986
92.69588199999986
93.23973862499984
93.78383249999985
94.32816362499985
94.87273199999984
95.41753762499984
95.96258049999983
96.50786062499982
97.05337799999982
97.59913262499983
98.14512449999982
98.69135362499982
99.23781999999981
99.7845236249998
100.3314644999998
100.8786426249998
101.4260579999998
101.9737827499998
102.52188899999979
103.07037674999978
103.61924599999978
104.16849674999978
104.71812899999978
105.26814274999977
105.81853799999976
106.36931474999976
106.92047299999976
107.47201274999975
108.02393399999974
108.57623674999974
109.12892099999974
109.68198674999974
110.23543399999973
110.78926274999972
111.34347299999972
111.89806474999972
112.45303799999972
113.00839274999971
113.56412899999971
114.12024674999971
114.67674599999971
115.2336267499997
115.7908889999997
116.34853274999969
116.90655799999969
117.4649647499997
118.02375299999969
118.58292274999968
119.14247399999968
119.70240674999968
120.26272099999967
120.82341674999967
121.38449399999966
121.94595274999966
122.50779299999967
123.07001474999966
123.63261799999965
124.19557362499965
124.75885249999965
125.32245462499965
125.88637999999965
126.45062862499964
127.01520049999964
127.58009562499963
128.14531399999962
128.71085562499962
129.2767204999996
129.8429086249996
130.4094199999996
130.9762546249996
131.5434124999996
132.1108936249996
132.6786979999996
133.2468256249996
133.81527649999958
134.3840506249996
134.95314799999957
135.52256862499956
136.09231249999957
136.66237962499957
137.23276999999956
137.80348362499956
138.37452049999956
138.94588062499955
139.51756399999954
140.08957062499954
140.66190049999955
141.23455362499953
141.80752999999953
142.38082962499954
142.95445249999952
143.5283986249995
144.1026679999995
144.67726062499952
145.2521764999995
145.8274156249995
146.4029779999995
146.9788749999995
147.5551179999995
148.1317069999995
148.7086419999995
149.28592299999949
149.8635499999995
150.44152299999948
151.01984199999947
151.59850699999947
152.17751799999948
152.75687499999947
153.33657799999946
153.91662699999947
154.49702199999948
155.07776299999946
155.65884999999946
156.24028299999947
156.82206199999945
157.40418699999944
157.98665799999944
158.56947499999944
159.15263799999943
159.73614699999942
160.32000199999942
160.90420299999943
161.4887499999994
162.0736429999994
162.6588819999994
163.24446699999942
163.8303979999994
164.4166749999994
165.0032979999994
165.5902669999994
166.17758199999938
166.76524299999937
167.35324999999938
167.94160299999936
168.53030199999935
169.11934699999935
169.70873799999936
170.29847987499934
170.88857749999934
171.47903087499932
172.06983999999932
172.66100487499932
173.2525254999993
173.8444018749993
174.4366339999993
175.02922187499928
175.62216549999928
176.21546487499927
176.80911999999927
177.40313087499928
177.99749749999927
178.59221987499927
179.18729799999926
179.78273187499926
180.37852149999927
180.97466687499926
181.57116799999926
182.16802487499925
182.76523749999924
183.36280587499925
183.96072999999924
184.55900987499925
185.15764549999923
185.75663687499923
186.35598399999924
186.95568687499923
187.55574549999923
188.15615987499922
188.75692999999922
189.35805587499922
189.95953749999921
190.56137487499922
191.1635679999992
191.7661168749992
192.3690214999992
192.9722818749992
193.5758979999992
194.1799294999992
194.78443599999918
195.38941749999918
195.9948739999992
196.60080549999918
197.20721199999917
197.81409349999916
198.42144999999917
199.02928149999917
199.63758799999917
200.24636949999916
200.85562599999915
201.46535749999913
202.07556399999913
202.68624549999913
203.29740199999912
203.9090334999991
204.5211399999991
205.1337214999991
205.7467779999991
206.3603094999991
206.97431599999908
207.58879749999906
208.20375399999907
208.81918549999907
209.43509199999906
210.05147349999905
210.66832999999903
211.28566149999904
211.90346799999904
212.52174949999903
213.14050599999902
213.759737499999
214.379443999999
214.999625499999
215.620281999999
216.241413499999
216.86301999999898
217.485101499999
218.107657999999
218.73116699999898
219.35569279487078
219.98082217948615
220.60655515384514
221.2328917179477
221.85983187179383
222.48737561538357
223.1155229487169
223.7442738717938
224.3736283846143
225.0035864871784
225.6341481794861
226.26531346153737
226.89708233333224
227.5294547948707
228.16243084615274
228.7960104871784
229.43019371794762
230.06498053846045
230.70037094871685
231.33636494871683
231.97296253846042
232.6101637179476
233.24796848717835
233.8863768461527
234.52538879487065
235.16500433333218
235.8052234615373
236.44604617948602
237.08747248717833
237.72950238461422
238.37213587179372
239.0153729487168
239.65921361538346
240.30365787179372
240.94870571794755
241.59435715384498
242.240612179486
242.8874707948706
243.5349329999988
244.1830773749988
244.8319824999988
245.48164837499877
246.13207499999876
246.78326237499877
247.43521049999876
248.08791937499876
248.74138899999875
249.39561937499874
250.05061049999875
250.70636237499875
251.36287499999875
252.02014837499874
252.67818249999874
253.33697737499872
253.99653299999872
254.65684937499873
255.31792649999872
255.97976437499872
256.64236299999874
257.3057223749987
257.9698424999987
258.6347233749987
259.3003649999987
259.9667673749987
260.6339304999987
261.3018543749987
261.97053899999867
262.6399843749987
263.31019049999867
263.98115737499865
264.65288499999866
265.32537337499866
265.99862249999865
266.6726323749986
267.3474029999986
268.0229343749986
268.6992264999986
269.3762793749986
270.0540929999986
270.7325203749986
271.4114144999986
272.0907753749986
272.7706029999986
273.4508973749986
274.1316584999986
274.8128863749986
275.49458099999856
276.1767423749986
276.8593704999986
277.5424653749986
278.22602699999857
278.91005537499854
279.59455049999855
280.27951237499855
280.96494099999853
281.6508363749985
282.3371984999985
283.0240273749985
283.7113229999985
284.3990853749985
285.0873144999985
285.7760103749985
286.4651729999985
287.1548023749985
287.84489849999846
288.5354613749985
289.2264909999985
289.91798737499846
290.60995049999843
291.30238037499845
291.99527699999845
292.68864037499844
293.3824704999984
294.07676737499844
294.77153099999845
295.46676137499844
296.1624584999984
296.8586223749984
297.5552529999984
298.2526421249984
298.9510814999984
299.6505711249984
300.3511109999984
301.0527011249984
301.7553414999984
302.4590321249984
303.16377299999834
303.86956412499836
304.5764054999984
305.2842971249984
305.99323899999837
306.70323112499835
307.41427349999833
308.1263661249983
308.8395089999983
309.5537021249983
310.2689454999983
310.9852391249983
311.7025829999983
312.4209771249983
313.14042149999824
313.86091612499825
314.58246099999826
315.30505612499826
316.02870149999825
316.75339712499823
317.4791429999982
318.2059391249982
318.93378549999824
319.66268212499824
320.39262899999824
321.1236261249982
321.8556734999982
322.5887711249982
323.3229189999982
324.0581171249982
324.7943654999982
325.5316641249982
326.2700129999982
327.00934312499817
327.74958549999815
328.4907401249981
329.2328069999981
329.9757861249981
330.71967749999806
331.46448112499803
332.210196999998
332.956825124998
333.70436549999795
334.4528181249979
335.2021829999979
335.95246012499786
336.7036494999978
337.4557511249978
338.2087649999978
338.96269112499783
339.71752949999785
340.47328012499787
341.2299429999979
341.9875181249979
342.7460054999979
343.50540512499794
344.26571699999795
345.02694112499796
345.789077499998
346.552126124998
347.316086999998
348.080960124998
348.846745499998
349.613443124998
350.381052999998
351.149575124998
351.919009499998
352.689356124998
353.46061499999803
354.23278612499803
355.005869499998
355.779865124998
356.554772999998
357.33068249999803
358.107682999998
358.88577449999804
359.664956999998
360.445230499998
361.226594999998
362.00905049999795
362.79259699999795
363.5772344999979
364.36296299999793
365.1497824999979
365.9376929999979
366.7266944999979
367.5167869999979
368.3079704999979
369.1002449999979
369.8936104999979
370.6880669999979
371.4836144999979
372.28025299999786
373.0784019999978
373.8784809999978
374.6804899999978
375.4844289999978
376.2902979999978
377.0980969999978
377.9078259999978
378.71948499999775
379.5330739999977
380.3485929999977
381.16604199999773
381.9854209999977
382.8067299999977
383.6299689999977
384.4551379999977
385.2822369999977
386.11126599999767
386.9422249999977
387.77511399999764
388.6099329999976
389.4472039999976
390.2874489999976
391.13066799999757
391.97686099999754
392.8260279999975
393.6781689999975
394.53328399999754
395.39137299999754
396.25243599999754
397.11647299999754
397.98348399999753
398.8534689999975
399.7264279999975
400.6023609999975
401.48126799999744
402.3631489999974
403.2480039999974
404.13583299999743
405.02663599999744
405.92041299999744
406.8178434999974
407.71960699999744
408.6257034999974
409.5361329999974
410.4508954999974
411.36999099999736
412.29341949999736
413.22118099999733
414.15327549999733
415.0897029999973
416.0304634999973
416.9755569999973
417.9249834999973
418.8787429999973
419.8368354999973
420.7992609999973
421.76601949999724
422.73711099999724
423.7125354999972
424.6922929999972
425.6819244999972
426.6869709999972
427.71532249999717
428.7748689999972
429.8734754999972
431.0190069999972
432.2092384999972
433.4419449999972
434.7031989999972
435.9790729999972
437.2584119999972
438.53006099999715
439.7903624999971
441.0356589999971
442.2669904999971
443.48539699999714
444.6920159999971
445.8879849999971
447.0751314999971
448.25528299999706
449.4300569999971
450.6010709999971
451.7653774999971
452.9200289999971
454.0650229999971
455.2003569999971
456.3260334999971
457.4420549999971
458.54841899999707
459.64512299999706
460.7321686666637
461.8095576666637
462.877289999997
463.93536566666364
464.9837846666636
466.02254699999696
467.04843599999697
468.05823499999696
469.0519439999969
470.0295629999969
470.99495149999694
471.95196899999695
472.90061549999695
473.84089099999693
474.7727954999969
475.6963289999969
476.61149149999693
477.5182829999969
478.4167034999969
479.3067529999969
480.1910514999969
481.0722189999969
481.9502554999969
482.8251609999969
483.6969354999969
484.56557899999694
485.4310914999969
486.2934729999969
487.15272349999685
488.00884299999683
488.8623334999968
489.7136969999968
490.5629334999968
491.4100429999968
492.2550254999968
493.0978809999968
493.9386094999968
494.7772109999968
495.6136854999968
496.44803299999677
497.28049349999674
498.1113069999967
498.9404734999967
499.7679929999967
500.5938654999967
501.4180909999967
502.2406694999967
503.0616009999967
503.8808854999967
504.69852299999667
505.51489649999667
506.33038899999667
507.1450004999967
507.9587309999967
508.7715804999967
509.58354899999665
510.39463649999664
511.20484299999663
512.0141684999966
512.8226129999965
513.6303579999965
514.4375849999965
515.2442939999964
516.0504849999965
516.8561579999964
517.6613129999964
518.4659499999964
519.2700689999964
520.0736699999964
520.8767529999964
521.6783242999963
522.4773901999963
523.2739506999962
524.0680057999963
524.8595554999963
525.6485997999963
526.4351386999963
527.2191721999963
528.0007002999962
528.7797229999962
529.5562402999963
530.3302521999963
531.1017586999963
531.8707597999962
532.6372554999962
533.4012457999962
534.1627306999962
534.9217101999963
535.6781842999962
536.4321529999962
537.1836162999962
537.9325741999961
538.6790266999961
539.4229737999962
540.1644154999962
540.9033517999961
541.6397826999961
542.373708199996
543.1051282999961
543.8340429999961
544.5604522999961
545.2843561999961
546.005754699996
546.724647799996
547.441035499996
548.154917799996
548.866294699996
549.575166199996
550.281532299996
550.985392999996
551.686748299996
552.385598199996
553.081942699996
553.775781799996
554.467115499996
555.155943799996
555.8422666999959
556.5260841999959
557.2073962999959
557.8862029999959
558.5625042999959
559.2363001999959
559.9075906999958
560.5763757999958
561.2426554999959
561.9064297999959
562.5676986999958
563.2264621999958
563.8827202999958
564.5364729999958
565.1877203499957
565.8364623999958
566.4826991499957
567.1264305999957
567.7676567499957
568.4063775999957
569.0425931499957
569.6763033999957
570.3075083499957
570.9362079999958
571.5624022499958
572.1860909999958
572.8072742499958
573.4259519999957
574.0421242499957
574.6557909999957
575.2669522499957
575.8756079999957
576.4817582499958
577.0854029999957
577.686542333329
578.285176333329
578.8813049999957
579.474928333329
580.0660463333289
580.6546589999956
581.2407663333289
581.824368333329
582.4054649999956
582.9852349090866
583.5648566363593
584.1443301818139
584.7236555454502
585.3028327272684
585.8818617272684
586.4607425454502
587.0394751818138
587.6180596363592
588.1964959090865
588.7747839999955
589.3529422499955
589.9309889999955
590.5089242499955
591.0867479999955
591.6644602499955
592.2420609999955
592.8195502499955
593.3969279999955
593.9741942499954
594.5513489999954
595.1283922499954
595.7053239999954
596.2821442499953
596.8588529999953
597.4354502499953
598.0119359999952
598.5883102499952
599.1645729999951
599.7407242499951
600.316763999995
600.892808249995
601.468972999995
602.045258249995
602.6216639999949
603.1981902499949
603.7748369999949
604.3516042499949
604.9284919999949
605.5055002499948
606.0826289999949
606.6598782499949
607.2372479999949
607.8147382499949
608.3923489999949
608.9700802499948
609.5479319999948
610.1259042499948
610.7039969999948
611.2822102499948
611.8605439999948
612.4389504999948
613.0173819999948
613.5958384999948
614.1743199999947
614.7528264999947
615.3313579999947
615.9099144999947
616.4884959999947
617.0671024999947
617.6457339999947
618.2243904999947
618.8030719999947
619.3817784999947
619.9605099999947
620.5392664999946
621.1180479999946
621.6968544999946
622.2756859999946
622.8545424999946
623.4334239999946
624.0123692499945
624.5914169999945
625.1705672499945
625.7498199999945
626.3291752499945
626.9086329999944
627.4881932499944
628.0678559999944
628.6476212499945
629.2274889999944
629.8074592499944
630.3875319999944
630.9677072499944
631.5479849999944
632.1283652499943
632.7088479999943
633.2894332499943
633.8701209999944
634.4509112499943
635.0318039999943
635.6128087499943
636.1939349999943
636.7751827499943
637.3565519999943
637.9380427499942
638.5196549999943
639.1013887499943
639.6832439999943
640.2652207499942
640.8473189999942
641.4295387499942
642.0118799999942
642.5943427499942
643.1769269999942
643.7596327499941
644.3424599999942
644.9254087499942
645.5084789999942
646.0916707499941
646.6749839999941
647.258315749994
647.841562999994
648.4247257499941
649.007803999994
649.5907977499941
650.173706999994
650.756531749994
651.339271999994
651.921927749994
652.504498999994
653.086985749994
653.669387999994
654.251705749994
654.833938999994
655.416087749994
655.998151999994
656.5801317499939
657.1620269999939
657.743837749994
658.325563999994
658.9073952499939
659.4895209999939
660.071941249994
660.654655999994
661.237665249994
661.8209689999941
662.4045672499941
662.9884599999941
663.5726472499941
664.1571289999941
664.7419052499941
665.3269759999941
665.9123412499941
666.4980009999941
667.0839552499941
667.6702039999941
668.2567472499941
668.843584999994
669.430717249994
670.018143999994
670.605747499994
671.193409999994
671.781131499994
672.368911999994
672.956751499994
673.5446499999939
674.1326074999939
674.7206239999939
675.3086994999938
675.8968339999939
676.4850274999939
677.0732799999938
677.6615914999938
678.2499619999938
678.8383914999938
679.4268799999938
680.0154274999938
680.6040339999938
681.1926994999939
681.7814239999939
682.3702169999939
682.9590879999939
683.5480369999939
684.1370639999939
684.7261689999939
685.3153519999938
685.9046129999938
686.4939519999938
687.0833689999938
687.6728639999938
688.2624369999937
688.8520879999937
689.4418169999938
690.0316239999937
690.6215089999937
691.2114719999937
691.8015129999937
692.3916319999937
692.9818289999937
693.5721039999937
694.1623402499937
694.7524209999937
695.3423462499936
695.9321159999936
696.5217302499935
697.1111889999935
697.7004922499934
698.2896399999934
698.8786322499934
699.4674689999935
700.0561502499935
700.6446759999935
701.2330462499935
701.8212609999936
702.4093202499936
702.9972239999936
703.5849722499936
704.1725649999936
704.7600022499936
705.3472839999936
705.9346959999936
706.5225239999935
707.1107679999935
707.6994279999935
708.2885039999935
708.8779959999935
709.4679039999935
710.0582279999935
710.6489679999935
711.2401239999934
711.8316959999935
712.4236839999935
713.0160879999935
713.6089079999934
714.2021439999935
714.7957959999935
715.3898639999935
715.9843479999935
716.5792479999934
717.1745639999934
717.7701679999934
718.3659319999934
718.9618559999934
719.5579399999934
720.1541839999934
720.7505879999934
721.3471519999933
721.9438759999933
722.5407599999934
723.1378039999934
723.7350079999934
724.3323719999934
724.9298959999934
725.5275799999933
726.1254239999934
726.7234279999933
727.3215919999933
727.9199159999933
728.5183999999933
729.1170439999934
729.7158024999934
730.3146299999934
730.9135264999934
731.5124919999934
732.1115264999934
732.7106299999933
733.3098024999933
733.9090439999933
734.5083544999933
735.1077339999932
735.7071824999932
736.3066999999933
736.9062864999933
737.5059419999933
738.1056664999933
738.7054599999933
739.3053224999933
739.9052539999933
740.5052544999933
741.1053239999933
741.7054032499933
742.3054329999933
742.9054132499933
743.5053439999933
744.1052252499933
744.7050569999933
745.3048392499933
745.9045719999933
746.5042552499933
747.1038889999933
747.7034732499933
748.3030079999933
748.9024932499933
749.5019289999933
750.1013152499933
750.7006519999933
751.2999392499933
751.8991769999933
752.4983652499933
753.0975039999933
753.6965722499932
754.2955489999932
754.8944342499932
755.4932279999932
756.0919302499932
756.6905409999932
757.2890602499932
757.8874879999933
758.4858242499932
759.0840689999932
759.6822222499932
760.2802839999931
760.8782542499931
761.4761329999931
762.0739202499931
762.671615999993
763.269220249993
763.866732999993
764.464154249993
765.061483999993
765.658696999993
766.255767999993
766.8526969999931
767.449483999993
768.046128999993
768.642631999993
769.238992999993
769.835211999993
770.4312889999931
771.027223999993
771.623016999993
772.2186679999929
772.8141769999929
773.4095439999929
774.004768999993
774.599851999993
775.194792999993
775.7895919999929
776.3842489999929
776.9787639999929
777.5732162499929
778.167684999993
778.762170249993
779.356671999993
779.9511902499929
780.5457249999929
781.1402762499929
781.7348439999929
782.3294282499929
782.924028999993
783.5186462499929
784.1132799999929
784.7079302499928
785.3025969999928
785.8972802499928
786.4919799999929
787.0866962499929
787.6814289999928
788.2761782499928
788.8709439999927
789.4658084999927
790.0608539999927
790.6560804999926
791.2514879999926
791.8470764999926
792.4428459999925
793.0387964999925
793.6349279999924
794.2312404999924
794.8277339999923
795.4244084999923
796.0212639999922
796.6183004999922
797.2155179999921
797.8129164999921
798.410495999992
799.008256499992
799.606197999992
800.204320499992
800.8026239999921
801.4011087499921
801.999774999992
802.598622749992
803.197651999992
803.796862749992
804.3962549999919
804.9958287499919
805.595583999992
806.1955207499919
806.795638999992
807.395938749992
807.996419999992
808.597082749992
809.197926999992
809.7989527499919
810.400159999992
811.0015487499919
811.6031189999919
812.2048707499919
812.8068039999919
813.4086434999919
814.0101139999919
814.6112154999919
815.2119479999918
815.8123114999918
816.4123059999918
817.0119314999918
817.6111879999918
818.2100754999918
818.8085939999918
819.4067434999918
820.0045239999918
820.6019354999918
821.1989779999918
821.7956514999918
822.3919559999918
822.9878914999917
823.5834579999918
824.1786554999918
824.7734839999918
825.3681934999918
825.9630339999918
826.5580054999919
827.1531079999918
827.7483414999917
828.3437059999917
828.9392014999917
829.5348279999916
830.1305854999916
830.7264739999916
831.3224934999917
831.9186439999917
832.5149254999917
833.1113379999917
833.7078814999917
834.3045559999916
834.9013614999916
835.4982979999916
836.0953654999915
836.6925639999915
837.2897654999915
837.8868419999915
838.4837934999915
839.0806199999915
839.6773214999915
840.2738979999915
840.8703494999914
841.4666759999915
842.0628774999915
842.6589539999915
843.2549054999914
843.8507319999915
844.4464334999915
845.0420099999915
845.6374614999914
846.2327879999914
846.8279894999914
847.4230659999914
848.0180174999914
848.6128439999914
849.2075782499913
849.8022529999913
850.3968682499913
850.9914239999913
851.5859202499913
852.1803569999913
852.7747342499913
853.3690519999913
853.9633102499912
854.5575089999912
855.1516482499912
855.7457279999912
856.3397482499912
856.9337089999912
857.5276102499912
858.1214519999912
858.7152342499912
859.3089569999912
859.9026202499912
860.4962239999911
861.0900669999911
861.6844479999911
862.2793669999911
862.8748239999911
863.4708189999911
864.0673519999912
864.6644229999912
865.2620319999912
865.8601789999913
866.4588639999913
867.0579984499913
867.6574937999912
868.2573500499913
868.8575671999913
869.4581452499913
870.0590841999913
870.6603840499913
871.2620447999913
871.8640664499912
872.4664489999913
873.0691924499913
873.6722967999913
874.2757620499913
874.8795881999913
875.4837752499913
876.0883231999912
876.6932320499913
877.2985017999913
877.9041324499913
878.5101239999913
879.1164764499913
879.7231897999912
880.3302640499912
880.9376991999912
881.5454952499913
882.1536521999913
882.7621700499913
883.3710487999913
883.9802884499912
884.5898889999912
885.1998504499912
885.8101727999913
886.4208560499912
887.0319001999912
887.6433052499913
888.2550711999912
888.8671980499912
889.4796857999912
890.0925344499913
890.7057439999912
891.3193144499912
891.9332457999913
892.5475380499912
893.1621911999912
893.7772052499912
894.3925801999912
895.0083160499912
895.6244127999912
896.2408704499912
896.8576889999912
897.4748684999912
898.0924089999912
898.7103104999912
899.3285729999913
899.9471964999913
900.5661809999913
901.1855264999913
901.8052329999913
902.4253004999913
903.0457289999913
903.6665184499913
904.2876687999913
904.9091800499913
905.5310521999912
906.1532852499912
906.7758791999912
907.3988340499913
908.0221497999912
908.6458264499912
909.2698639999912
909.8942624499912
910.5190217999912
911.1441420499912
911.7696231999912
912.3954652499912
913.0216681999912
913.6482320499912
914.2751567999911
914.9024424499911
915.5300889999911
916.158096437491
916.7864647499911
917.415193937491
918.0442839999911
918.6737349374911
919.303546749991
919.933719437491
920.564252999991
921.197436999991
921.8330909999911
922.4687449999911
923.1043989999912
923.7400529999912
924.3757069999913
925.0113609999913
925.6470149999914
926.2826689999914
926.9183229999915
927.5539769999915
928.1896309999916
928.8252849999916
929.4609389999916
930.0965929999917
930.7322469999917
931.3679009999918
932.0035549999918
932.6392089999919
933.2748629999919
933.910516999992
934.546170999992
935.181824999992
935.8174789999921
936.4531329999921
937.0887869999922
937.7244409999922
938.3600949999923
938.9957489999923
939.6314029999924
940.2670569999924
940.9027109999925
941.5383649999925
942.1740189999925
942.8096729999926
943.4453269999926
944.0809809999927
944.7166349999927
945.3522889999928
945.9879429999928
946.6235969999929
947.2592509999929
947.894904999993
948.530558999993
949.166212999993
949.8018669999931
950.4375209999931
951.0731749999932
951.7088289999932
952.3444829999933
952.9801369999933
953.6157909999934
954.2514449999934
954.8870989999934
955.5227529999935
956.1584069999935
