0.44864
0.897778
1.347912
1.799042
2.251168
2.70429
3.1584079999999997
3.6135219999999997
4.0696319999999995
4.526737999999999
4.984839999999999
5.443937999999999
5.904031999999999
6.365121999999999
6.827207999999999
7.290289999999999
7.754367999999999
8.219441999999999
8.685512
9.152577999999998
9.620639999999998
10.089697999999999
10.559751999999998
11.030801999999998
11.502847999999998
11.975889999999998
12.449927999999998
12.924961999999997
13.400991999999997
13.878017999999997
14.356039999999997
14.835057999999997
15.315071999999997
15.796081999999997
16.278087999999997
16.761089999999996
17.245087999999996
17.730081999999996
18.216071999999997
18.703057999999995
19.190755749999994
19.678880999999993
20.167433749999994
20.656413999999995
21.145821749999996
21.635656999999995
22.125919749999994
22.616609999999994
23.107727749999995
23.599272999999997
24.091245749999995
24.583645999999995
25.076473749999995
25.569728999999995
26.063411749999997
26.557521999999995
27.052059749999994
27.547024999999994
28.042417749999995
28.538237999999996
29.034485749999998
29.531160999999997
30.028263749999997
30.525793999999998
31.02375175
31.522137
32.02094975
32.52019
33.01985775
33.519953
34.02047575
34.521426000000005
35.02280375000001
35.52460900000001
36.02684175000001
36.52950200000001
37.03258975000001
37.536105000000006
38.04004775000001
38.54441800000001
39.04918412500001
39.55431450000001
40.059809125000015
40.56566800000002
41.071891125000015
41.57847850000002
42.085430125000016
42.59274600000002
43.10042612500002
43.60847050000002
44.11687912500002
44.62565200000002
45.13478912500002
45.64429050000002
46.15415612500002
46.66438600000002
47.17498012500002
47.68593850000002
48.19726112500002
48.70894800000002
49.22099912500002
49.73341450000002
50.246194125000024
50.75933800000002
51.27284612500002
51.78671850000002
52.30095512500002
52.81555600000002
53.33052112500002
53.84585050000002
54.361544125000016
54.87760200000002
55.394024125000016
55.91081050000002
56.42796112500002
56.94547600000001
57.463355125000014
57.98159850000001
58.50020612500001
59.01917800000001
59.53856812500001
60.058430500000014
60.57876512500001
61.09957200000001
61.62085112500001
62.14260250000001
62.664826125000005
63.187522
63.710690125
64.2343305
64.758443125
65.283028
65.808085125
66.33361450000001
66.859616125
67.38609
67.91303612499999
68.44045449999999
68.96834512499998
69.49670799999998
70.02554312499998
70.55485049999999
71.08463012499999
71.614882
72.14560612499999
72.67680249999998
73.20847112499997
73.74061199999997
74.27322512499997
74.80631049999997
75.33986812499997
75.87389799999997
76.40840012499997
76.94337449999998
77.47882112499997
78.01473999999996
78.55113112499996
79.08799449999995
79.62533012499995
80.16313799999995
80.70130062499994
81.23970049999994
81.77833762499993
82.31721199999993
82.85632362499993
83.39567249999993
83.93525862499993
84.47508199999993
85.01514262499992
85.55544049999992
86.09597562499991
86.63674799999991
87.17775762499991
87.71900449999991
88.26048862499991
88.8022099999999
89.3441686249999
89.88636449999989
90.42879762499989
90.97146799999989
91.51437562499989
92.05752049999988
92.60090262499988
93.14452199999987
93.68837862499986
94.23247249999986
94.77680362499986
95.32137199999985
95.86617762499985
96.41122049999984
96.95650062499983
97.50201799999984
98.04777262499984
98.59376449999984
99.13999362499983
99.68645999999983
100.23316362499982
100.78010449999981
101.32728262499981
101.87469799999981
102.42242274999981
102.9705289999998
103.51901674999979
104.06788599999979
104.61713674999979
105.16676899999979
105.71678274999978
106.26717799999977
106.81795474999977
107.36911299999977
107.92065274999976
108.47257399999975
109.02487674999975
109.57756099999975
110.13062674999975
110.68407399999974
111.23790274999973
111.79211299999973
112.34670474999973
112.90167799999973
113.45703274999973
114.01276899999972
114.56888674999972
115.12538599999972
115.68226674999971
116.2395289999997
116.7971727499997
117.3551979999997
117.9136047499997
118.4723929999997
119.0315627499997
119.59111399999969
120.1510467499997
120.71136099999968
121.27205674999968
121.83313399999967
122.39459274999967
122.95643299999968
123.51865474999967
124.08125799999966
124.64421362499967
125.20749249999966
125.77109462499966
126.33501999999966
126.89926862499965
127.46384049999965
128.02873562499965
128.59395399999966
129.15949562499966
129.72536049999965
130.29154862499965
130.85805999999965
131.42489462499964
131.99205249999963
132.55953362499963
133.12733799999964
133.69546562499963
134.26391649999962
134.83269062499963
135.4017879999996
135.9712086249996
136.5409524999996
137.1110196249996
137.6814099999996
138.2521236249996
138.8231604999996
139.3945206249996
139.96620399999958
140.53821062499958
141.1105404999996
141.68319362499957
142.25616999999957
142.82946962499958
143.40309249999956
143.97703862499955
144.55130799999955
145.12590062499956
145.70081649999955
146.27605562499954
146.85161799999955
147.42751499999954
148.00375799999955
148.58034699999953
149.15728199999953
149.73456299999953
150.31218999999953
150.89016299999952
151.4684819999995
152.0471469999995
152.62615799999952
153.2055149999995
153.7852179999995
154.3652669999995
154.94566199999952
155.5264029999995
156.1074899999995
156.6889229999995
157.2707019999995
157.85282699999948
158.43529799999948
159.01811499999948
159.60127799999947
160.18478699999946
160.76864199999946
161.35284299999947
161.93738999999945
162.52228299999945
163.10752199999945
163.69310699999946
164.27903799999945
164.86531499999944
165.45193799999944
166.03890699999943
166.62622199999942
167.2138829999994
167.80188999999942
168.3902429999994
168.9789419999994
169.5679869999994
170.1573779999994
170.74711987499938
171.33721749999938
171.92767087499936
172.51847999999936
173.10964487499936
173.70116549999935
174.29304187499935
174.88527399999933
175.47786187499932
176.07080549999932
176.6641048749993
177.2577599999993
177.85177087499932
178.4461374999993
179.0408598749993
179.6359379999993
180.2313718749993
180.8271614999993
181.4233068749993
182.0198079999993
182.6166648749993
183.21387749999928
183.8114458749993
184.40936999999929
185.0076498749993
185.60628549999927
186.20527687499927
186.80462399999928
187.40432687499927
188.00438549999927
188.60479987499926
189.20556999999926
189.80669587499926
190.40817749999925
191.01001487499926
191.61220799999924
192.21475687499924
192.81766149999925
193.42092187499924
194.02453799999924
194.62856949999923
195.23307599999922
195.83805749999922
196.44351399999923
197.04944549999922
197.65585199999921
198.2627334999992
198.8700899999992
199.4779214999992
200.0862279999992
200.6950094999992
201.3042659999992
201.91399749999917
202.52420399999917
203.13488549999917
203.74604199999916
204.35767349999915
204.96977999999913
205.58236149999914
206.19541799999914
206.80894949999913
207.42295599999912
208.0374374999991
208.6523939999991
209.2678254999991
209.8837319999991
210.5001134999991
211.11696999999907
211.73430149999908
212.35210799999908
212.97038949999907
213.58914599999906
214.20837749999905
214.82808399999905
215.44826549999905
216.06892199999905
216.69005349999904
217.31165999999902
217.93374149999903
218.55629799999903
219.17980699999902
219.80433279487082
220.4294621794862
221.05519515384518
221.68153171794773
222.30847187179387
222.9360156153836
223.56416294871693
224.19291387179385
224.82226838461435
225.45222648717845
226.08278817948613
226.71395346153741
227.34572233333228
227.97809479487074
228.61107084615278
229.24465048717843
229.87883371794766
230.5136205384605
231.1490109487169
231.78500494871687
232.42160253846046
233.05880371794763
233.6966084871784
234.33501684615274
234.9740287948707
235.61364433333222
236.25386346153735
236.89468617948606
237.53611248717837
238.17814238461426
238.82077587179376
239.46401294871683
240.10785361538348
240.75229787179373
241.39734571794756
242.042997153845
242.689252179486
243.33611079487062
243.9835729999988
244.6317173749988
245.2806224999988
245.93028837499878
246.58071499999878
247.23190237499878
247.88385049999877
248.53655937499877
249.19002899999876
249.84425937499876
250.49925049999877
251.15500237499876
251.81151499999876
252.46878837499875
253.12682249999875
253.78561737499874
254.44517299999873
255.10548937499874
255.76656649999873
256.4284043749987
257.0910029999987
257.75436237499866
258.4184824999987
259.08336337499867
259.74900499999865
260.41540737499867
261.08257049999867
261.75049437499865
262.4191789999986
263.08862437499863
263.7588304999986
264.4297973749986
265.1015249999986
265.7740133749986
266.4472624999986
267.12127237499857
267.7960429999986
268.47157437499857
269.14786649999854
269.82491937499856
270.50273299999856
271.18116037499857
271.86005449999857
272.53941537499855
273.2192429999985
273.89953737499854
274.58029849999855
275.26152637499854
275.9432209999985
276.62538237499854
277.30801049999855
277.99110537499854
278.6746669999985
279.3586953749985
280.0431904999985
280.7281523749985
281.4135809999985
282.09947637499846
282.7858384999985
283.4726673749985
284.15996299999847
284.84772537499845
285.53595449999847
286.2246503749985
286.91381299999847
287.60344237499845
288.2935384999984
288.98410137499843
289.67513099999843
290.3666273749984
291.0585904999984
291.7510203749984
292.4439169999984
293.1372803749984
293.8311104999984
294.5254073749984
295.2201709999984
295.9154013749984
296.6110984999984
297.30726237499834
298.00389299999836
298.70128212499833
299.39972149999835
300.09921112499836
300.79975099999837
301.50134112499836
302.20398149999835
302.9076721249983
303.6124129999983
304.3182041249983
305.0250454999983
305.73293712499833
306.4418789999983
307.1518711249983
307.8629134999983
308.57500612499825
309.28814899999827
310.0023421249983
310.7175854999983
311.43387912499827
312.15122299999825
312.86961712499823
313.5890614999982
314.3095561249982
315.0311009999982
315.7536961249982
316.4773414999982
317.2020371249982
317.92778299999816
318.6545791249982
319.3824254999982
320.1113221249982
320.8412689999982
321.5722661249982
322.30431349999816
323.03741112499813
323.77155899999815
324.50675712499816
325.24300549999816
325.98030412499816
326.71865299999814
327.4579831249981
328.1982254999981
328.9393801249981
329.68144699999806
330.42442612499804
331.168317499998
331.913121124998
332.65883699999796
333.40546512499793
334.1530054999979
334.9014581249979
335.65082299999784
336.4011001249978
337.1522894999978
337.90439112499774
338.65740499999777
339.4113311249978
340.1661694999978
340.9219201249978
341.67858299999784
342.43615812499786
343.1946454999979
343.9540451249979
344.7143569999979
345.4755811249979
346.2377174999979
347.00076612499794
347.76472699999795
348.52960012499796
349.29538549999796
350.06208312499797
350.829692999998
351.598215124998
352.367649499998
353.137996124998
353.909254999998
354.681426124998
355.454509499998
356.228505124998
357.003412999998
357.779322499998
358.556322999998
359.334414499998
360.113596999998
360.89387049999794
361.67523499999794
362.4576904999979
363.2412369999979
364.0258744999979
364.8116029999979
365.59842249999787
366.3863329999979
367.17533449999786
367.9654269999979
368.75661049999786
369.5488849999979
370.3422504999979
371.13670699999784
371.93225449999784
372.7288929999978
373.5270419999978
374.32712099999776
375.12912999999776
375.9330689999978
376.73893799999775
377.54673699999773
378.35646599999774
379.1681249999977
379.9817139999977
380.7972329999977
381.6146819999977
382.43406099999766
383.25536999999764
384.07860899999764
384.90377799999766
385.73087699999763
386.5599059999976
387.39086499999763
388.2237539999976
389.0585729999976
389.89584399999757
390.73608899999755
391.5793079999975
392.4255009999975
393.27466799999746
394.1268089999975
394.9819239999975
395.8400129999975
396.7010759999975
397.5651129999975
398.4321239999975
399.3021089999975
400.17506799999745
401.0510009999974
401.9299079999974
402.81178899999736
403.6966439999974
404.5844729999974
405.4752759999974
406.3690529999974
407.2664834999974
408.1682469999974
409.0743434999974
409.98477299999735
410.89953549999734
411.8186309999973
412.7420594999973
413.6698209999973
414.6019154999973
415.53834299999727
416.4791034999973
417.42419699999726
418.3736234999973
419.32738299999727
420.28547549999723
421.2479009999972
422.2146594999972
423.1857509999972
424.16117549999717
425.1409329999972
426.13056449999715
427.13561099999714
428.1639624999971
429.22350899999714
430.32211549999715
431.46764699999716
432.65787849999714
433.89058499999715
435.15183899999715
436.42771299999714
437.70705199999713
438.9787009999971
440.23900249999707
441.48429899999707
442.7156304999971
443.9340369999971
445.1406559999971
446.33662499999707
447.52377149999705
448.703922999997
449.87869699999703
451.04971099999705
452.21401749999706
453.36866899999706
454.51366299999705
455.64899699999705
456.77467349999705
457.89069499999704
458.997058999997
460.093762999997
461.18080866666367
462.25819766666365
463.32592999999696
464.3840056666636
465.43242466666356
466.4711869999969
467.4970759999969
468.5068749999969
469.5005839999969
470.4782029999969
471.4435914999969
472.4006089999969
473.3492554999969
474.2895309999969
475.22143549999686
476.1449689999969
477.0601314999969
477.9669229999969
478.86534349999687
479.75539299999684
480.63969149999684
481.52085899999685
482.39889549999685
483.27380099999687
484.1455754999969
485.0142189999969
485.87973149999686
486.74211299999683
487.6013634999968
488.4574829999968
489.31097349999675
490.16233699999674
491.01157349999676
491.85868299999674
492.70366549999676
493.54652099999674
494.38724949999676
495.22585099999674
496.06232549999675
496.8966729999967
497.7291334999967
498.55994699999667
499.38911349999665
500.21663299999665
501.04250549999665
501.86673099999666
502.6893094999967
503.51024099999665
504.32952549999663
505.1471629999966
505.9635364999966
506.7790289999966
507.59364049999664
508.40737099999666
509.2202204999966
510.0321889999966
510.8432764999966
511.6534829999966
512.4628084999965
513.2712529999965
514.0789979999964
514.8862249999964
515.6929339999964
516.4991249999964
517.3047979999964
518.1099529999964
518.9145899999963
519.7187089999964
520.5223099999963
521.3253929999963
522.1269642999963
522.9260301999963
523.7225906999962
524.5166457999962
525.3081954999963
526.0972397999963
526.8837786999962
527.6678121999962
528.4493402999962
529.2283629999962
530.0048802999962
530.7788921999962
531.5503986999962
532.3193997999962
533.0858954999961
533.8498857999962
534.6113706999962
535.3703501999962
536.1268242999962
536.8807929999962
537.6322562999961
538.3812141999961
539.1276666999961
539.8716137999961
540.6130554999961
541.3519917999961
542.088422699996
542.822348199996
543.553768299996
544.282682999996
545.009092299996
545.732996199996
546.454394699996
547.1732877999959
547.889675499996
548.603557799996
549.314934699996
550.023806199996
550.730172299996
551.4340329999959
552.135388299996
552.834238199996
553.530582699996
554.224421799996
554.915755499996
555.6045837999959
556.2909066999958
556.9747241999959
557.6560362999959
558.3348429999959
559.0111442999959
559.6849401999958
560.3562306999958
561.0250157999958
561.6912954999958
562.3550697999958
563.0163386999958
563.6751021999958
564.3313602999957
564.9851129999957
565.6363603499957
566.2851023999957
566.9313391499957
567.5750705999957
568.2162967499956
568.8550175999957
569.4912331499957
570.1249433999957
570.7561483499957
571.3848479999957
572.0110422499957
572.6347309999958
573.2559142499957
573.8745919999957
574.4907642499957
575.1044309999957
575.7155922499957
576.3242479999957
576.9303982499957
577.5340429999957
578.135182333329
578.733816333329
579.3299449999956
579.923568333329
580.5146863333289
581.1032989999956
581.6894063333289
582.2730083333289
582.8541049999956
583.4338749090865
584.0134966363593
584.5929701818138
585.1722955454502
585.7514727272684
586.3305017272684
586.9093825454502
587.4881151818138
588.0666996363592
588.6451359090864
589.2234239999955
589.8015822499955
590.3796289999955
590.9575642499955
591.5353879999955
592.1131002499955
592.6907009999954
593.2681902499954
593.8455679999954
594.4228342499954
594.9999889999954
595.5770322499953
596.1539639999953
596.7307842499953
597.3074929999952
597.8840902499952
598.4605759999952
599.0369502499951
599.6132129999951
600.189364249995
600.765403999995
601.341448249995
601.917612999995
602.4938982499949
603.0703039999948
603.6468302499949
604.2234769999949
604.8002442499949
605.3771319999948
605.9541402499948
606.5312689999948
607.1085182499949
607.6858879999949
608.2633782499948
608.8409889999948
609.4187202499947
609.9965719999948
610.5745442499948
611.1526369999948
611.7308502499948
612.3091839999947
612.8875904999948
613.4660219999947
614.0444784999947
614.6229599999947
615.2014664999947
615.7799979999946
616.3585544999946
616.9371359999947
617.5157424999946
618.0943739999947
618.6730304999946
619.2517119999947
619.8304184999946
620.4091499999946
620.9879064999946
621.5666879999945
622.1454944999946
622.7243259999946
623.3031824999946
623.8820639999946
624.4610092499945
625.0400569999945
625.6192072499945
626.1984599999945
626.7778152499944
627.3572729999944
627.9368332499944
628.5164959999944
629.0962612499944
629.6761289999944
630.2560992499943
630.8361719999943
631.4163472499944
631.9966249999943
632.5770052499943
633.1574879999943
633.7380732499943
634.3187609999943
634.8995512499943
635.4804439999942
636.0614487499943
636.6425749999943
637.2238227499943
637.8051919999942
638.3866827499942
638.9682949999942
639.5500287499942
640.1318839999942
640.7138607499942
641.2959589999941
641.8781787499942
642.4605199999942
643.0429827499942
643.6255669999941
644.2082727499941
644.7910999999941
645.3740487499941
645.9571189999941
646.5403107499941
647.123623999994
647.706955749994
648.290202999994
648.873365749994
649.456443999994
650.039437749994
650.622346999994
651.205171749994
651.787911999994
652.3705677499939
652.9531389999939
653.535625749994
654.118027999994
654.700345749994
655.2825789999939
655.8647277499939
656.4467919999939
657.0287717499939
657.6106669999939
658.1924777499939
658.7742039999939
659.3560352499939
659.9381609999939
660.5205812499939
661.103295999994
661.686305249994
662.269608999994
662.853207249994
663.4370999999941
664.0212872499941
664.6057689999941
665.1905452499941
665.7756159999941
666.3609812499941
666.9466409999941
667.5325952499941
668.118843999994
668.705387249994
669.292224999994
669.879357249994
670.4667839999939
671.0543874999939
671.6420499999939
672.229771499994
672.817551999994
673.4053914999939
673.9932899999939
674.5812474999939
675.1692639999939
675.7573394999938
676.3454739999938
676.9336674999938
677.5219199999938
678.1102314999938
678.6986019999938
679.2870314999938
679.8755199999938
680.4640674999938
681.0526739999938
681.6413394999938
682.2300639999938
682.8188569999938
683.4077279999939
683.9966769999938
684.5857039999938
685.1748089999938
685.7639919999938
686.3532529999937
686.9425919999937
687.5320089999938
688.1215039999937
688.7110769999937
689.3007279999937
689.8904569999937
690.4802639999937
691.0701489999936
691.6601119999937
692.2501529999937
692.8402719999937
693.4304689999936
694.0207439999937
694.6109802499936
695.2010609999936
695.7909862499936
696.3807559999935
696.9703702499935
697.5598289999934
698.1491322499934
698.7382799999933
699.3272722499934
699.9161089999934
700.5047902499934
701.0933159999935
701.6816862499935
702.2699009999935
702.8579602499935
703.4458639999935
704.0336122499936
704.6212049999936
705.2086422499935
705.7959239999935
706.3833359999935
706.9711639999935
707.5594079999935
708.1480679999935
708.7371439999935
709.3266359999934
709.9165439999935
710.5068679999935
711.0976079999934
711.6887639999934
712.2803359999934
712.8723239999935
713.4647279999934
714.0575479999934
714.6507839999935
715.2444359999935
715.8385039999935
716.4329879999934
717.0278879999934
717.6232039999934
718.2188079999934
718.8145719999934
719.4104959999934
720.0065799999934
720.6028239999933
721.1992279999934
721.7957919999933
722.3925159999933
722.9893999999933
723.5864439999933
724.1836479999934
724.7810119999933
725.3785359999933
725.9762199999933
726.5740639999933
727.1720679999933
727.7702319999933
728.3685559999933
728.9670399999933
729.5656839999933
730.1644424999934
730.7632699999933
731.3621664999934
731.9611319999933
732.5601664999933
733.1592699999933
733.7584424999933
734.3576839999932
734.9569944999932
735.5563739999932
736.1558224999932
736.7553399999932
737.3549264999932
737.9545819999933
738.5543064999932
739.1540999999933
739.7539624999932
740.3538939999933
740.9538944999932
741.5539639999932
742.1540432499933
742.7540729999932
743.3540532499933
743.9539839999933
744.5538652499932
745.1536969999933
745.7534792499932
746.3532119999933
746.9528952499933
747.5525289999932
748.1521132499932
748.7516479999932
749.3511332499933
749.9505689999933
750.5499552499932
751.1492919999932
751.7485792499932
752.3478169999933
752.9470052499933
753.5461439999932
754.1452122499932
754.7441889999932
755.3430742499932
755.9418679999932
756.5405702499932
757.1391809999932
757.7377002499932
758.3361279999932
758.9344642499932
759.5327089999931
760.1308622499931
760.7289239999931
761.3268942499931
761.924772999993
762.522560249993
763.120255999993
763.717860249993
764.315372999993
764.912794249993
765.510123999993
766.107336999993
766.704407999993
767.301336999993
767.898123999993
768.494768999993
769.091271999993
769.687632999993
770.283851999993
770.879928999993
771.475863999993
772.0716569999929
772.6673079999929
773.2628169999929
773.8581839999929
774.4534089999929
775.048491999993
775.6434329999929
776.2382319999929
776.8328889999929
777.4274039999929
778.0218562499929
778.6163249999929
779.210810249993
779.8053119999929
780.3998302499929
780.9943649999929
781.5889162499928
782.1834839999929
782.7780682499929
783.3726689999929
783.9672862499929
784.5619199999928
785.1565702499928
785.7512369999928
786.3459202499928
786.9406199999928
787.5353362499928
788.1300689999928
788.7248182499927
789.3195839999927
789.9144484999927
790.5094939999926
791.1047204999926
791.7001279999926
792.2957164999925
792.8914859999925
793.4874364999924
794.0835679999924
794.6798804999924
795.2763739999923
795.8730484999923
796.4699039999922
797.0669404999921
797.6641579999921
798.261556499992
798.859135999992
799.4568964999919
800.054837999992
800.652960499992
801.251263999992
801.849748749992
802.448414999992
803.047262749992
803.646291999992
804.2455027499919
804.8448949999919
805.4444687499919
806.0442239999919
806.6441607499919
807.2442789999919
807.8445787499919
808.4450599999919
809.0457227499919
809.6465669999919
810.2475927499919
810.8487999999919
811.4501887499919
812.0517589999919
812.6535107499918
813.2554439999918
813.8572834999918
814.4587539999918
815.0598554999918
815.6605879999918
816.2609514999917
816.8609459999917
817.4605714999917
818.0598279999917
818.6587154999918
819.2572339999917
819.8553834999917
820.4531639999917
821.0505754999917
821.6476179999918
822.2442914999917
822.8405959999917
823.4365314999917
824.0320979999917
824.6272954999918
825.2221239999917
825.8168334999917
826.4116739999918
827.0066454999918
827.6017479999917
828.1969814999917
828.7923459999917
829.3878414999916
829.9834679999916
830.5792254999916
831.1751139999916
831.7711334999916
832.3672839999916
832.9635654999917
833.5599779999917
834.1565214999916
834.7531959999916
835.3500014999915
835.9469379999915
836.5440054999915
837.1412039999915
837.7384054999915
838.3354819999914
838.9324334999915
839.5292599999915
840.1259614999915
840.7225379999915
841.3189894999914
841.9153159999914
842.5115174999914
843.1075939999914
843.7035454999914
844.2993719999914
844.8950734999914
845.4906499999914
846.0861014999914
846.6814279999913
847.2766294999914
847.8717059999914
848.4666574999914
849.0614839999913
849.6562182499913
850.2508929999913
850.8455082499912
851.4400639999913
852.0345602499913
852.6289969999913
853.2233742499913
853.8176919999912
854.4119502499912
855.0061489999912
855.6002882499912
856.1943679999912
856.7883882499912
857.3823489999911
857.9762502499912
858.5700919999912
859.1638742499912
859.7575969999912
860.3512602499911
860.9448639999911
861.5387069999911
862.1330879999911
862.7280069999911
863.3234639999911
863.9194589999911
864.5159919999911
865.1130629999911
865.7106719999912
866.3088189999912
866.9075039999913
867.5066384499912
868.1061337999912
868.7059900499912
869.3062071999913
869.9067852499912
870.5077241999912
871.1090240499913
871.7106847999912
872.3127064499912
872.9150889999912
873.5178324499913
874.1209367999912
874.7244020499912
875.3282281999913
875.9324152499912
876.5369631999912
877.1418720499912
877.7471417999913
878.3527724499912
878.9587639999912
879.5651164499913
880.1718297999912
880.7789040499912
881.3863391999912
881.9941352499912
882.6022921999912
883.2108100499912
883.8196887999912
884.4289284499912
885.0385289999912
885.6484904499912
886.2588127999912
886.8694960499912
887.4805401999912
888.0919452499912
888.7037111999912
889.3158380499912
889.9283257999912
890.5411744499912
891.1543839999912
891.7679544499912
892.3818857999912
892.9961780499912
893.6108311999911
894.2258452499912
894.8412201999912
895.4569560499912
896.0730527999912
896.6895104499912
897.3063289999911
897.9235084999912
898.5410489999912
899.1589504999912
899.7772129999912
900.3958364999912
901.0148209999912
901.6341664999912
902.2538729999912
902.8739404999912
903.4943689999913
904.1151584499912
904.7363087999912
905.3578200499912
905.9796921999912
906.6019252499912
907.2245191999912
907.8474740499912
908.4707897999912
909.0944664499912
909.7185039999912
910.3429024499911
910.9676617999911
911.5927820499911
912.2182631999912
912.8441052499911
913.4703081999911
914.0968720499911
914.7237967999911
915.351082449991
915.9787289999911
916.606736437491
917.235104749991
917.863833937491
918.492923999991
919.122374937491
919.752186749991
920.382359437491
921.012892999991
921.646076999991
922.281730999991
922.9173849999911
923.5530389999911
924.1886929999912
924.8243469999912
925.4600009999913
926.0956549999913
926.7313089999914
927.3669629999914
928.0026169999915
928.6382709999915
929.2739249999916
929.9095789999916
930.5452329999916
931.1808869999917
931.8165409999917
932.4521949999918
933.0878489999918
933.7235029999919
934.3591569999919
934.994810999992
935.630464999992
936.266118999992
936.9017729999921
937.5374269999921
938.1730809999922
938.8087349999922
939.4443889999923
940.0800429999923
940.7156969999924
941.3513509999924
941.9870049999925
942.6226589999925
943.2583129999925
943.8939669999926
944.5296209999926
945.1652749999927
945.8009289999927
946.4365829999928
947.0722369999928
947.7078909999929
948.3435449999929
948.979198999993
949.614852999993
950.250506999993
950.8861609999931
951.5218149999931
952.1574689999932
952.7931229999932
953.4287769999933
954.0644309999933
954.7000849999934
955.3357389999934
955.9713929999934
956.6070469999935
