0.44864
0.449636
0.450632
0.451628
0.45262399999999997
0.45361999999999997
0.45461599999999996
0.45561199999999996
0.45660799999999996
0.45760399999999996
0.45859999999999995
0.45959599999999995
0.46059199999999995
0.46158799999999994
0.46258399999999994
0.46357999999999994
0.46457599999999993
0.46557199999999993
0.4665679999999999
0.4675639999999999
0.4685599999999999
0.4695559999999999
0.4705519999999999
0.4715479999999999
0.4725439999999999
0.4735399999999999
0.4745359999999999
0.4755319999999999
0.4765279999999999
0.4775239999999999
0.4785199999999999
0.4795159999999999
0.4805119999999999
0.4815079999999999
0.4825039999999999
0.4834999999999999
0.48449599999999987
0.48549199999999987
0.48648799999999986
0.48748399999999986
0.4879114999999999
0.4883389999999999
0.48876649999999994
0.48919399999999996
0.4896215
0.490049
0.49047650000000004
0.49090400000000006
0.4913315000000001
0.4917590000000001
0.49218650000000014
0.49261400000000016
0.4930415000000002
0.4934690000000002
0.49389650000000024
0.49432400000000026
0.4947515000000003
0.4951790000000003
0.49560650000000034
0.49603400000000036
0.4964615000000004
0.4968890000000004
0.49731650000000044
0.49774400000000046
0.4981715000000005
0.4985990000000005
0.49902650000000054
0.49945400000000056
0.4998815000000006
0.5003090000000006
0.5007365000000006
0.5011640000000006
0.5015915000000006
0.5020190000000007
0.5024465000000007
0.5028740000000007
0.5033015000000007
0.5037290000000008
0.5041565000000008
0.5045840000000008
0.5049482500000008
0.5053125000000007
0.5056767500000007
0.5060410000000006
0.5064052500000006
0.5067695000000005
0.5071337500000005
0.5074980000000004
0.5078622500000004
0.5082265000000004
0.5085907500000003
0.5089550000000003
0.5093192500000002
0.5096835000000002
0.5100477500000001
0.5104120000000001
0.51077625
0.5111405
0.51150475
0.5118689999999999
0.5122332499999999
0.5125974999999998
0.5129617499999998
0.5133259999999997
0.5136902499999997
0.5140544999999996
0.5144187499999996
0.5147829999999995
0.5151472499999995
0.5155114999999995
0.5158757499999994
0.5162399999999994
0.5166042499999993
0.5169684999999993
0.5173327499999992
0.5176969999999992
0.5180612499999991
0.5184254999999991
0.518789749999999
0.519153999999999
0.519626249999999
0.5200984999999989
0.5205707499999989
0.5210429999999988
0.5215152499999988
0.5219874999999987
0.5224597499999987
0.5229319999999986
0.5234042499999986
0.5238764999999985
0.5243487499999985
0.5248209999999984
0.5252932499999984
0.5257654999999983
0.5262377499999983
0.5267099999999982
0.5271822499999982
0.5276544999999981
0.5281267499999981
0.528598999999998
0.529071249999998
0.529543499999998
0.5300157499999979
0.5304879999999979
0.5309602499999978
0.5314324999999978
0.5319047499999977
0.5323769999999977
0.5328492499999976
0.5333214999999976
0.5337937499999975
0.5342659999999975
0.5347382499999974
0.5352104999999974
0.5356827499999973
0.5361549999999973
0.5366272499999972
0.5370994999999972
0.5375717499999971
0.5380439999999971
0.538281249999997
0.538518499999997
0.538755749999997
0.538992999999997
0.5392302499999969
0.5394674999999969
0.5397047499999968
0.5399419999999968
0.5401792499999968
0.5404164999999967
0.5406537499999967
0.5408909999999967
0.5411282499999966
0.5413654999999966
0.5416027499999966
0.5418399999999965
0.5420772499999965
0.5423144999999965
0.5425517499999964
0.5427889999999964
0.5430262499999964
0.5432634999999963
0.5435007499999963
0.5437379999999963
0.5439752499999962
0.5442124999999962
0.5444497499999962
0.5446869999999961
0.5449242499999961
0.5451614999999961
0.545398749999996
0.545635999999996
0.545873249999996
0.546110499999996
0.5463477499999959
0.5465849999999959
0.5468222499999958
0.5470594999999958
0.5472967499999958
0.5475339999999957
0.5479154999999958
0.5482969999999958
0.5486784999999959
0.5490599999999959
0.5494414999999959
0.549822999999996
0.550204499999996
0.550585999999996
0.5509674999999961
0.5513489999999961
0.5517304999999961
0.5521119999999962
0.5524934999999962
0.5528749999999962
0.5532564999999963
0.5536379999999963
0.5540194999999963
0.5544009999999964
0.5547824999999964
0.5551639999999964
0.5555454999999965
0.5559269999999965
0.5563084999999965
0.5566899999999966
0.5570714999999966
0.5574529999999966
0.5578344999999967
0.5582159999999967
0.5585974999999967
0.5589789999999968
0.5593604999999968
0.5597419999999969
0.5601234999999969
0.5605049999999969
0.560886499999997
0.561267999999997
0.561649499999997
0.5620309999999971
0.5624124999999971
0.5627939999999971
0.5631172499999971
0.5634404999999971
0.5637637499999971
0.5640869999999971
0.5644102499999971
0.5647334999999971
0.5650567499999971
0.5653799999999971
0.5657032499999971
0.5660264999999971
0.5663497499999971
0.5666729999999971
0.5669962499999971
0.5673194999999971
0.5676427499999971
0.5679659999999971
0.5682892499999971
0.5686124999999971
0.5689357499999971
0.5692589999999971
0.5695822499999971
0.5699054999999971
0.5702287499999971
0.5705519999999971
0.5708752499999971
0.5711984999999971
0.571521749999997
0.571844999999997
0.572168249999997
0.572491499999997
0.572814749999997
0.573137999999997
0.573461249999997
0.573784499999997
0.574107749999997
0.574430999999997
0.574754249999997
0.575077499999997
0.575400749999997
0.575723999999997
0.576069999999997
0.5764159999999969
0.5767619999999969
0.5771079999999968
0.5774539999999968
0.5777999999999968
0.5781459999999967
0.5784919999999967
0.5788379999999966
0.5791839999999966
0.5795299999999965
0.5798759999999965
0.5802219999999965
0.5805679999999964
0.5809139999999964
0.5812599999999963
0.5816059999999963
0.5819519999999963
0.5822979999999962
0.5826439999999962
0.5829899999999961
0.5833359999999961
0.583681999999996
0.584027999999996
0.584373999999996
0.5847199999999959
0.5850659999999959
0.5854119999999958
0.5857579999999958
0.5861039999999957
0.5864499999999957
0.5867959999999957
0.5871419999999956
0.5874879999999956
0.5878339999999955
0.5881799999999955
0.5885259999999954
0.5888719999999954
0.5892179999999954
0.5895639999999953
0.5899197499999953
0.5902754999999953
0.5906312499999953
0.5909869999999953
0.5913427499999953
0.5916984999999952
0.5920542499999952
0.5924099999999952
0.5927657499999952
0.5931214999999952
0.5934772499999952
0.5938329999999952
0.5941887499999952
0.5945444999999951
0.5949002499999951
0.5952559999999951
0.5956117499999951
0.5959674999999951
0.5963232499999951
0.5966789999999951
0.5970347499999951
0.597390499999995
0.597746249999995
0.598101999999995
0.598457749999995
0.598813499999995
0.599169249999995
0.599524999999995
0.599880749999995
0.600236499999995
0.6005922499999949
0.6009479999999949
0.6013037499999949
0.6016594999999949
0.6020152499999949
0.6023709999999949
0.6027267499999949
0.6030824999999949
0.6034382499999948
0.6037939999999948
0.6042689999999948
0.6047439999999948
0.6052189999999948
0.6056939999999948
0.6061689999999949
0.6066439999999949
0.6071189999999949
0.6075939999999949
0.6080689999999949
0.6085439999999949
0.6090189999999949
0.6094939999999949
0.6099689999999949
0.6104439999999949
0.6109189999999949
0.6113939999999949
0.6118689999999949
0.6123439999999949
0.6128189999999949
0.6132939999999949
0.6137689999999949
0.6142439999999949
0.6147189999999949
0.6151939999999949
0.6156689999999949
0.6161439999999949
0.6166189999999949
0.6170939999999949
0.6175689999999949
0.6180439999999949
0.6185189999999949
0.6189939999999949
0.6194689999999949
0.6199439999999949
0.620418999999995
0.620893999999995
0.621368999999995
0.621843999999995
0.622318999999995
0.622793999999995
0.624223999999995
0.6248275897435848
0.6254311794871745
0.6260347692307643
0.626638358974354
0.6272419487179438
0.6278455384615336
0.6284491282051233
0.6290527179487131
0.6296563076923029
0.6302598974358926
0.6308634871794824
0.6314670769230721
0.6320706666666619
0.6326742564102517
0.6332778461538414
0.6338814358974312
0.6344850256410209
0.6350886153846107
0.6356922051282005
0.6362957948717902
0.63689938461538
0.6375029743589697
0.6381065641025595
0.6387101538461493
0.639313743589739
0.6399173333333288
0.6405209230769185
0.6411245128205083
0.6417281025640981
0.6423316923076878
0.6429352820512776
0.6435388717948674
0.6441424615384571
0.6447460512820469
0.6453496410256366
0.6459532307692264
0.6465568205128162
0.6471604102564059
0.6477639999999957
0.6485247499999957
0.6492854999999956
0.6500462499999956
0.6508069999999956
0.6515677499999956
0.6523284999999955
0.6530892499999955
0.6538499999999955
0.6546107499999955
0.6553714999999954
0.6561322499999954
0.6568929999999954
0.6576537499999954
0.6584144999999954
0.6591752499999953
0.6599359999999953
0.6606967499999953
0.6614574999999953
0.6622182499999952
0.6629789999999952
0.6637397499999952
0.6645004999999952
0.6652612499999951
0.6660219999999951
0.6667827499999951
0.6675434999999951
0.668304249999995
0.669064999999995
0.669825749999995
0.670586499999995
0.671347249999995
0.6721079999999949
0.6728687499999949
0.6736294999999949
0.6743902499999949
0.6751509999999948
0.6759117499999948
0.6766724999999948
0.6774332499999948
0.6781939999999947
0.6786607499999947
0.6791274999999947
0.6795942499999946
0.6800609999999946
0.6805277499999945
0.6809944999999945
0.6814612499999945
0.6819279999999944
0.6823947499999944
0.6828614999999943
0.6833282499999943
0.6837949999999943
0.6842617499999942
0.6847284999999942
0.6851952499999941
0.6856619999999941
0.6861287499999941
0.686595499999994
0.687062249999994
0.687528999999994
0.6879957499999939
0.6884624999999939
0.6889292499999938
0.6893959999999938
0.6898627499999938
0.6903294999999937
0.6907962499999937
0.6912629999999936
0.6917297499999936
0.6921964999999936
0.6926632499999935
0.6931299999999935
0.6935967499999934
0.6940634999999934
0.6945302499999934
0.6949969999999933
0.6954637499999933
0.6959304999999932
0.6963972499999932
0.6968639999999932
0.6979142499999932
0.6989644999999932
0.7000147499999932
0.7010649999999933
0.7021152499999933
0.7031654999999933
0.7042157499999934
0.7052659999999934
0.7063162499999934
0.7073664999999935
0.7084167499999935
0.7094669999999935
0.7105172499999935
0.7115674999999936
0.7126177499999936
0.7136679999999936
0.7147182499999937
0.7157684999999937
0.7168187499999937
0.7178689999999938
0.7189192499999938
0.7199694999999938
0.7210197499999939
0.7220699999999939
0.7231202499999939
0.7241704999999939
0.725220749999994
0.726270999999994
0.727321249999994
0.7283714999999941
0.7294217499999941
0.7304719999999941
0.7315222499999942
0.7325724999999942
0.7336227499999942
0.7346729999999942
0.7357232499999943
0.7367734999999943
0.7378237499999943
0.7388739999999944
0.7397862499999943
0.7406984999999943
0.7416107499999942
0.7425229999999942
0.7434352499999941
0.7443474999999941
0.745259749999994
0.746171999999994
0.7470842499999939
0.7479964999999938
0.7489087499999938
0.7498209999999937
0.7507332499999937
0.7516454999999936
0.7525577499999936
0.7534699999999935
0.7543822499999935
0.7552944999999934
0.7562067499999934
0.7571189999999933
0.7580312499999933
0.7589434999999932
0.7598557499999932
0.7607679999999931
0.7616802499999931
0.762592499999993
0.763504749999993
0.7644169999999929
0.7653292499999929
0.7662414999999928
0.7671537499999928
0.7680659999999927
0.7689782499999926
0.7698904999999926
0.7708027499999925
0.7717149999999925
0.7726272499999924
0.7735394999999924
0.7744517499999923
0.7753639999999923
0.7764549999999922
0.7775459999999922
0.7786369999999921
0.7797279999999921
0.780818999999992
0.781909999999992
0.783000999999992
0.7840919999999919
0.7851829999999919
0.7862739999999918
0.7873649999999918
0.7884559999999917
0.7895469999999917
0.7906379999999916
0.7917289999999916
0.7928199999999915
0.7939109999999915
0.7950019999999914
0.7960929999999914
0.7971839999999913
0.7991139999999913
0.8010439999999913
0.8029739999999913
0.8049039999999913
0.8068339999999913
0.8087639999999913
0.8106939999999913
0.8126239999999912
0.8145539999999912
0.8164839999999912
0.8184139999999912
0.8203439999999912
0.8222739999999912
0.8242039999999912
0.8261339999999912
0.8280639999999911
0.8299939999999911
0.8319239999999911
0.8338539999999911
0.8357839999999911
0.8387579999999911
0.8417319999999912
0.8447059999999912
0.8476799999999912
0.8506539999999913
0.8536279999999913
0.8566019999999913
0.8595759999999913
0.8625499999999914
0.8655239999999914
0.8684979999999914
0.8714719999999915
0.8744459999999915
0.8774199999999915
0.8803939999999916
0.8833679999999916
0.8863419999999916
0.8893159999999917
0.8922899999999917
0.8952639999999917
0.8995969999999918
0.9039299999999918
0.9082629999999918
0.9125959999999919
0.9169289999999919
0.9212619999999919
0.925594999999992
0.929927999999992
0.934260999999992
0.938593999999992
0.9429269999999921
0.9472599999999921
0.9515929999999921
0.9559259999999922
0.9602589999999922
0.9645919999999922
0.9689249999999923
0.9732579999999923
0.9775909999999923
0.9819239999999924
0.9973389999999923
1.0127539999999922
1.0439489999999922
1.0751439999999923
1.1220689999999922
1.168993999999992
1.2114689999999921
1.2539439999999922
1.2685639999999923
1.2831839999999923
1.2754939999999921
1.267803999999992
1.252798999999992
1.237793999999992
1.224868999999992
1.211943999999992
1.2012939999999919
1.1906439999999918
1.183648999999992
1.176653999999992
1.1728939999999919
1.1691339999999917
1.1594789999999917
1.1498239999999917
1.1401639999999917
1.1305039999999917
1.1208489999999918
1.1111939999999918
1.1015339999999918
1.0918739999999918
1.0822173333333251
1.0725606666666585
1.0629039999999919
1.0532473333333252
1.0435906666666586
1.033933999999992
1.017843999999992
1.001753999999992
0.9856639999999921
0.9695739999999922
0.9612029999999921
0.9528319999999921
0.9444609999999921
0.9360899999999921
0.9277189999999921
0.9193479999999921
0.910976999999992
0.902605999999992
0.894234999999992
0.885863999999992
0.882732999999992
0.879601999999992
0.876470999999992
0.873339999999992
0.870208999999992
0.867077999999992
0.863946999999992
0.860815999999992
0.857684999999992
0.854553999999992
0.852426999999992
0.8502999999999921
0.8481729999999921
0.8460459999999921
0.8439189999999921
0.8417919999999921
0.8396649999999921
0.8375379999999921
0.8354109999999921
0.8332839999999921
0.8316369999999922
0.8299899999999922
0.8283429999999923
0.8266959999999923
0.8250489999999924
0.8234019999999924
0.8217549999999925
0.8201079999999925
0.8184609999999926
0.8168139999999926
0.8159329999999926
0.8150519999999926
0.8141709999999925
0.8132899999999925
0.8124089999999925
0.8115279999999925
0.8106469999999925
0.8097659999999924
0.8088849999999924
0.8080039999999924
0.8074859999999924
0.8069679999999924
0.8064499999999923
0.8059319999999923
0.8054139999999923
0.8048959999999923
0.8043779999999923
0.8038599999999922
0.8033419999999922
0.8028239999999922
0.8003185999999922
0.7978131999999922
0.7953077999999922
0.7928023999999922
0.7902969999999923
0.7877915999999923
0.7852861999999923
0.7827807999999923
0.7802753999999923
0.7777699999999923
0.7752645999999923
0.7727591999999923
0.7702537999999923
0.7677483999999923
0.7652429999999923
0.7627375999999924
0.7602321999999924
0.7577267999999924
0.7552213999999924
0.7527159999999924
0.7502105999999924
0.7477051999999924
0.7451997999999924
0.7426943999999924
0.7401889999999924
0.7376835999999924
0.7351781999999925
0.7326727999999925
0.7301673999999925
0.7276619999999925
0.7251565999999925
0.7226511999999925
0.7201457999999925
0.7176403999999925
0.7151349999999925
0.7126295999999925
0.7101241999999925
0.7076187999999926
0.7051133999999926
0.7026079999999926
0.7001025999999926
0.6975971999999926
0.6950917999999926
0.6925863999999926
0.6900809999999926
0.6875755999999926
0.6850701999999926
0.6825647999999926
0.6800593999999927
0.6775539999999927
0.6750485999999927
0.6725431999999927
0.6700377999999927
0.6675323999999927
0.6650269999999927
0.6625215999999927
0.6600161999999927
0.6575107999999927
0.6550053999999927
0.6524999999999928
0.6499946999999927
0.6474893999999927
0.6449840999999926
0.6424787999999926
0.6399734999999925
0.6374681999999925
0.6349628999999924
0.6324575999999924
0.6299522999999924
0.6274469999999923
0.6249414999999923
0.6224359999999922
0.6199304999999922
0.6174249999999921
0.6149194999999921
0.612413999999992
0.609908499999992
0.6074029999999919
0.6048974999999919
0.6023919999999918
0.5998866666666585
0.5973813333333251
0.5948759999999917
0.5923706666666584
0.589865333333325
0.5873599999999917
0.5848546666666583
0.582349333333325
0.5798439999999916
0.5796958181818098
0.579547636363628
0.5793994545454463
0.5792512727272645
0.5791030909090827
0.578954909090901
0.5788067272727192
0.5786585454545374
0.5785103636363557
0.5783621818181739
0.5782139999999921
0.5781024999999921
0.577990999999992
0.577879499999992
0.577767999999992
0.5776564999999919
0.5775449999999919
0.5774334999999918
0.5773219999999918
0.5772104999999917
0.5770989999999917
0.5769874999999917
0.5768759999999916
0.5767644999999916
0.5766529999999915
0.5765414999999915
0.5764299999999914
0.5763184999999914
0.5762069999999914
0.5760954999999913
0.5759839999999913
0.5761044999999912
0.5762249999999912
0.5763454999999912
0.5764659999999912
0.5765864999999911
0.5767069999999911
0.5768274999999911
0.576947999999991
0.577068499999991
0.577188999999991
0.5773094999999909
0.5774299999999909
0.5775504999999909
0.5776709999999908
0.5777914999999908
0.5779119999999908
0.5780324999999907
0.5781529999999907
0.5782734999999907
0.5783939999999906
0.5784189999999907
0.5784439999999907
0.5784689999999908
0.5784939999999908
0.5785189999999909
0.578543999999991
0.578568999999991
0.5785939999999911
0.5786189999999911
0.5786439999999912
0.5786689999999912
0.5786939999999913
0.5787189999999913
0.5787439999999914
0.5787689999999914
0.5787939999999915
0.5788189999999915
0.5788439999999916
0.5788689999999916
0.5788939999999917
0.5789964999999917
0.5790989999999917
0.5792014999999917
0.5793039999999917
0.5794064999999917
0.5795089999999917
0.5796114999999917
0.5797139999999917
0.5798164999999917
0.5799189999999917
0.5800214999999918
0.5801239999999918
0.5802264999999918
0.5803289999999918
0.5804314999999918
0.5805339999999918
0.5806364999999918
0.5807389999999918
0.5808414999999918
0.5809439999999918
0.5810654999999918
0.5811869999999918
0.5813084999999918
0.5814299999999918
0.5815514999999918
0.5816729999999918
0.5817944999999918
0.5819159999999918
0.5820374999999918
0.5821589999999918
0.5822804999999918
0.5824019999999918
0.5825234999999918
0.5826449999999918
0.5827664999999917
0.5828879999999917
0.5830094999999917
0.5831309999999917
0.5832524999999917
0.5833739999999917
0.5832894999999917
0.5832049999999916
0.5831204999999916
0.5830359999999916
0.5829514999999915
0.5828669999999915
0.5827824999999914
0.5826979999999914
0.5826134999999913
0.5825289999999913
0.5824444999999913
0.5823599999999912
0.5822754999999912
0.5821909999999911
0.5821064999999911
0.582021999999991
0.581937499999991
0.581852999999991
0.5817684999999909
0.5816839999999909
0.5819784999999909
0.5822729999999908
0.5825674999999908
0.5828619999999908
0.5831564999999908
0.5834509999999907
0.5837454999999907
0.5840399999999907
0.5843344999999907
0.5846289999999906
0.5849234999999906
0.5852179999999906
0.5855124999999906
0.5858069999999905
0.5861014999999905
0.5863959999999905
0.5866904999999905
0.5869849999999904
0.5872794999999904
0.5875739999999904
0.5876329999999904
0.5876919999999904
0.5877509999999905
0.5878099999999905
0.5878689999999905
0.5879279999999906
0.5879869999999906
0.5880459999999906
0.5881049999999907
0.5881639999999907
0.5882229999999907
0.5882819999999908
0.5883409999999908
0.5883999999999908
0.5884589999999909
0.5885179999999909
0.5885769999999909
0.5886359999999909
0.588694999999991
0.588753999999991
0.588831999999991
0.588909999999991
0.5889879999999911
0.5890659999999911
0.5891439999999911
0.5892219999999911
0.5892999999999912
0.5893779999999912
0.5894559999999912
0.5895339999999912
0.5896119999999913
0.5896899999999913
0.5897679999999913
0.5898459999999913
0.5899239999999913
0.5900019999999914
0.5900799999999914
0.5901579999999914
0.5902359999999914
0.5903139999999915
0.5901584999999915
0.5900029999999915
0.5898474999999915
0.5896919999999916
0.5895364999999916
0.5893809999999916
0.5892254999999916
0.5890699999999917
0.5889144999999917
0.5887589999999917
0.5886034999999917
0.5884479999999918
0.5882924999999918
0.5881369999999918
0.5879814999999918
0.5878259999999919
0.5876704999999919
0.5875149999999919
0.5873594999999919
0.587203999999992
0.5876199999999919
0.5880359999999919
0.5884519999999919
0.5888679999999918
0.5892839999999918
0.5896999999999918
0.5901159999999918
0.5905319999999917
0.5909479999999917
0.5913639999999917
0.5917799999999916
0.5921959999999916
0.5926119999999916
0.5930279999999916
0.5934439999999915
0.5938599999999915
0.5942759999999915
0.5946919999999914
0.5951079999999914
0.5955239999999914
0.5956839999999914
0.5958439999999915
0.5960039999999915
0.5961639999999916
0.5963239999999916
0.5964839999999917
0.5966439999999917
0.5968039999999918
0.5969639999999918
0.5971239999999919
0.5972839999999919
0.597443999999992
0.597603999999992
0.5977639999999921
0.5979239999999921
0.5980839999999922
0.5982439999999922
0.5984039999999923
0.5985639999999923
0.5987239999999924
0.5987929999999924
0.5988619999999923
0.5989309999999923
0.5989999999999923
0.5990689999999923
0.5991379999999923
0.5992069999999923
0.5992759999999923
0.5993449999999922
0.5994139999999922
0.5994829999999922
0.5995519999999922
0.5996209999999922
0.5996899999999922
0.5997589999999922
0.5998279999999921
0.5998969999999921
0.5999659999999921
0.6000349999999921
0.6001039999999921
0.600054499999992
0.600004999999992
0.599955499999992
0.599905999999992
0.5998564999999919
0.5998069999999919
0.5997574999999918
0.5997079999999918
0.5996584999999918
0.5996089999999917
0.5995594999999917
0.5995099999999917
0.5994604999999916
0.5994109999999916
0.5993614999999916
0.5993119999999915
0.5992624999999915
0.5992129999999914
0.5991634999999914
0.5991139999999914
0.5990224999999914
0.5989309999999913
0.5988394999999913
0.5987479999999913
0.5986564999999913
0.5985649999999912
0.5984734999999912
0.5983819999999912
0.5982904999999912
0.5981989999999912
0.5981074999999911
0.5980159999999911
0.5979244999999911
0.5978329999999911
0.597741499999991
0.597649999999991
0.597558499999991
0.597466999999991
0.597375499999991
0.5972839999999909
0.597141999999991
0.596999999999991
0.596857999999991
0.596715999999991
0.5965739999999911
0.5964319999999911
0.5962899999999911
0.5961479999999911
0.5960059999999912
0.5958639999999912
0.5957219999999912
0.5955799999999912
0.5954379999999913
0.5952959999999913
0.5951539999999913
0.5950119999999913
0.5948699999999914
0.5947279999999914
0.5945859999999914
0.5944439999999914
0.5944604999999914
0.5944769999999914
0.5944934999999913
0.5945099999999913
0.5945264999999913
0.5945429999999913
0.5945594999999912
0.5945759999999912
0.5945924999999912
0.5946089999999912
0.5946254999999911
0.5946419999999911
0.5946584999999911
0.5946749999999911
0.594691499999991
0.594707999999991
0.594724499999991
0.594740999999991
0.594757499999991
0.5947739999999909
0.5949549999999909
0.5951359999999909
0.5953169999999909
0.5954979999999909
0.5956789999999909
0.5958599999999908
0.5960409999999908
0.5962219999999908
0.5964029999999908
0.5965839999999908
0.5967649999999908
0.5969459999999908
0.5971269999999907
0.5973079999999907
0.5974889999999907
0.5976699999999907
0.5978509999999907
0.5980319999999907
0.5982129999999907
0.5983939999999907
0.5985754999999906
0.5987569999999907
0.5989384999999907
0.5991199999999908
0.5993014999999908
0.5994829999999909
0.5996644999999909
0.599845999999991
0.600027499999991
0.6002089999999911
0.6003904999999912
0.6005719999999912
0.6007534999999913
0.6009349999999913
0.6011164999999914
0.6012979999999915
0.6014794999999915
0.6016609999999916
0.6018424999999916
0.6020239999999917
0.6016549999999917
0.6012859999999918
0.6009169999999918
0.6005479999999919
0.6001789999999919
0.599809999999992
0.599440999999992
0.599071999999992
0.5987029999999921
0.5983339999999921
0.5979649999999922
0.5975959999999922
0.5972269999999923
0.5968579999999923
0.5964889999999924
0.5961199999999924
0.5957509999999925
0.5953819999999925
0.5950129999999926
0.5946439999999926
0.5947749999999926
0.5949059999999926
0.5950369999999926
0.5951679999999926
0.5952989999999926
0.5954299999999926
0.5955609999999926
0.5956919999999926
0.5958229999999926
0.5959539999999925
0.5960849999999925
0.5962159999999925
0.5963469999999925
0.5964779999999925
0.5966089999999925
0.5967399999999925
0.5968709999999925
0.5970019999999925
0.5971329999999925
0.5972639999999925
0.5971389999999924
0.5970139999999924
0.5968889999999923
0.5967639999999923
0.5966389999999923
0.5965139999999922
0.5963889999999922
0.5962639999999921
0.5961389999999921
0.596013999999992
0.595888999999992
0.595763999999992
0.5956389999999919
0.5955139999999919
0.5953889999999918
0.5952639999999918
0.5951389999999918
0.5950139999999917
0.5948889999999917
0.5947639999999916
0.5947044999999916
0.5946449999999917
0.5945854999999917
0.5945259999999917
0.5944664999999917
0.5944069999999917
0.5943474999999917
0.5942879999999917
0.5942284999999917
0.5941689999999917
0.5941094999999917
0.5940499999999918
0.5939904999999918
0.5939309999999918
0.5938714999999918
0.5938119999999918
0.5937524999999918
0.5936929999999918
0.5936334999999918
0.5935739999999918
0.5941119999999919
0.5946499999999919
0.595187999999992
0.595725999999992
0.596263999999992
0.5968019999999921
0.5973399999999921
0.5978779999999921
0.5984159999999922
0.5989539999999922
0.5993148999999922
0.5996757999999922
0.6000366999999922
0.6003975999999922
0.6007584999999922
0.6011193999999922
0.6014802999999922
0.6018411999999922
0.6022020999999922
0.6025629999999922
0.6029238999999922
0.6032847999999922
0.6036456999999922
0.6040065999999922
0.6043674999999922
0.6047283999999922
0.6050892999999922
0.6054501999999922
0.6058110999999922
0.6061719999999922
0.6065328999999922
0.6068937999999922
0.6072546999999922
0.6076155999999922
0.6079764999999921
0.6083373999999921
0.6086982999999921
0.6090591999999921
0.6094200999999921
0.6097809999999921
0.6101418999999921
0.6105027999999921
0.6108636999999921
0.6112245999999921
0.6115854999999921
0.6119463999999921
0.6123072999999921
0.6126681999999921
0.6130290999999921
0.6133899999999921
0.6137508999999921
0.6141117999999921
0.6144726999999921
0.6148335999999921
0.6151944999999921
0.6155553999999921
0.6159162999999921
0.6162771999999921
0.6166380999999921
0.6169989999999921
0.6173599999999921
0.6177209999999922
0.6180819999999922
0.6184429999999923
0.6188039999999924
0.6191649999999924
0.6195259999999925
0.6198869999999925
0.6202479999999926
0.6206089999999926
0.6209698999999926
0.6213307999999926
0.6216916999999926
0.6220525999999926
0.6224134999999926
0.6227743999999926
0.6231352999999926
0.6234961999999926
0.6238570999999926
0.6242179999999926
0.6245788999999926
0.6249397999999926
0.6253006999999926
0.6256615999999926
0.6260224999999926
0.6263833999999926
0.6267442999999926
0.6271051999999926
0.6274660999999926
0.6278269999999926
0.6281878749999926
0.6285487499999927
0.6289096249999927
0.6292704999999927
0.6296313749999928
0.6299922499999928
0.6303531249999929
0.6307139999999929
0.635653999999993
0.635653999999993
0.635653999999993
0.635653999999993
0.635653999999993
0.635653999999993
0.635653999999993
0.635653999999993
0.635653999999993
0.635653999999993
0.635653999999993
0.635653999999993
0.635653999999993
0.635653999999993
0.635653999999993
0.635653999999993
0.635653999999993
0.635653999999993
0.635653999999993
0.635653999999993
0.635653999999993
0.635653999999993
0.635653999999993
0.635653999999993
0.635653999999993
0.635653999999993
0.635653999999993
0.635653999999993
0.635653999999993
0.635653999999993
0.635653999999993
0.635653999999993
0.635653999999993
0.635653999999993
0.635653999999993
0.635653999999993
0.635653999999993
0.635653999999993
0.635653999999993
0.635653999999993
0.635653999999993
0.635653999999993
0.635653999999993
0.635653999999993
0.635653999999993
0.635653999999993
0.635653999999993
0.635653999999993
0.635653999999993
0.635653999999993
0.635653999999993
0.635653999999993
0.635653999999993
0.635653999999993
0.635653999999993
